(tensor([[[-0.4242, -0.4242, -0.4242, -0.4242, -0.4242, -0.4242, -0.4242,
          -0.4242, -0.4242, -0.4242, -0.4242, -0.4242, -0.4242, -0.4242,
          -0.4242, -0.4242, -0.4242, -0.4242, -0.4242, -0.4242, -0.4242,
          -0.4242, -0.4242, -0.4242, -0.4242, -0.4242, -0.4242, -0.4242],
         [-0.4242, -0.4242, -0.4242, -0.4242, -0.4242, -0.4242, -0.4242,
          -0.4242, -0.4242, -0.4242, -0.4242, -0.4242, -0.4242, -0.4242,
          -0.4242, -0.4242, -0.4242, -0.4242, -0.4242, -0.4242, -0.4242,
          -0.4242, -0.4242, -0.4242, -0.4242, -0.4242, -0.4242, -0.4242],
         [-0.4242, -0.4242, -0.4242, -0.4242, -0.4242, -0.4242, -0.4242,
          -0.4242, -0.4242, -0.4242, -0.4242, -0.4242, -0.4242, -0.4242,
          -0.4242, -0.4242, -0.4242, -0.4242, -0.4242, -0.4242, -0.4242,
          -0.4242, -0.4242, -0.4242, -0.4242, -0.4242, -0.4242, -0.4242],
         [-0.4242, -0.4242, -0.4242, -0.4242, -0.4242, -0.4242, -0.4242,
          -0.4242, -0.4242, -0.4242, -0.4242, -0.4242, -0.4242, -0.4242,
          -0.4242, -0.4242, -0.4242, -0.4242, -0.4242, -0.4242, -0.4242,
          -0.4242, -0.4242, -0.4242, -0.4242, -0.4242, -0.4242, -0.4242],
         [-0.4242, -0.4242, -0.4242, -0.4242, -0.4242, -0.4242, -0.4242,
          -0.4242, -0.4242, -0.4242, -0.4242, -0.4242, -0.4242, -0.4242,
          -0.4242, -0.4242, -0.4242, -0.4242, -0.4242, -0.4242, -0.4242,
          -0.4242, -0.4242, -0.4242, -0.4242, -0.4242, -0.4242, -0.4242],
         [-0.4242, -0.4242, -0.4242, -0.4242, -0.4242, -0.4242, -0.4242,
          -0.4242, -0.4242, -0.4242, -0.4242, -0.4242, -0.3860, -0.1951,
          -0.1951, -0.1951,  1.1795,  1.3068,  1.8032, -0.0933,  1.6887,
           2.8215,  2.7197,  1.1923, -0.4242, -0.4242, -0.4242, -0.4242],
         [-0.4242, -0.4242, -0.4242, -0.4242, -0.4242, -0.4242, -0.4242,
          -0.4242, -0.0424,  0.0340,  0.7722,  1.5359,  1.7396,  2.7960,
           2.7960,  2.7960,  2.7960,  2.7960,  2.4396,  1.7650,  2.7960,
           2.6560,  2.0578,  0.3904, -0.4242, -0.4242, -0.4242, -0.4242],
         [-0.4242, -0.4242, -0.4242, -0.4242, -0.4242, -0.4242, -0.4242,
           0.1995,  2.6051,  2.7960,  2.7960,  2.7960,  2.7960,  2.7960,
           2.7960,  2.7960,  2.7960,  2.7706,  0.7595,  0.6195,  0.6195,
           0.2886,  0.0722, -0.4242, -0.4242, -0.4242, -0.4242, -0.4242],
         [-0.4242, -0.4242, -0.4242, -0.4242, -0.4242, -0.4242, -0.4242,
          -0.1951,  2.3633,  2.7960,  2.7960,  2.7960,  2.7960,  2.7960,
           2.0960,  1.8923,  2.7197,  2.6433, -0.4242, -0.4242, -0.4242,
          -0.4242, -0.4242, -0.4242, -0.4242, -0.4242, -0.4242, -0.4242],
         [-0.4242, -0.4242, -0.4242, -0.4242, -0.4242, -0.4242, -0.4242,
          -0.4242,  0.5940,  1.5614,  0.9377,  2.7960,  2.7960,  2.1851,
          -0.2842, -0.4242,  0.1231,  1.5359, -0.4242, -0.4242, -0.4242,
          -0.4242, -0.4242, -0.4242, -0.4242, -0.4242, -0.4242, -0.4242],
         [-0.4242, -0.4242, -0.4242, -0.4242, -0.4242, -0.4242, -0.4242,
          -0.4242, -0.4242, -0.2460, -0.4115,  1.5359,  2.7960,  0.7213,
          -0.4242, -0.4242, -0.4242, -0.4242, -0.4242, -0.4242, -0.4242,
          -0.4242, -0.4242, -0.4242, -0.4242, -0.4242, -0.4242, -0.4242],
         [-0.4242, -0.4242, -0.4242, -0.4242, -0.4242, -0.4242, -0.4242,
          -0.4242, -0.4242, -0.4242, -0.4242,  1.3450,  2.7960,  1.9942,
          -0.3988, -0.4242, -0.4242, -0.4242, -0.4242, -0.4242, -0.4242,
          -0.4242, -0.4242, -0.4242, -0.4242, -0.4242, -0.4242, -0.4242],
         [-0.4242, -0.4242, -0.4242, -0.4242, -0.4242, -0.4242, -0.4242,
          -0.4242, -0.4242, -0.4242, -0.4242, -0.2842,  1.9942,  2.7960,
           0.4668, -0.4242, -0.4242, -0.4242, -0.4242, -0.4242, -0.4242,
          -0.4242, -0.4242, -0.4242, -0.4242, -0.4242, -0.4242, -0.4242],
         [-0.4242, -0.4242, -0.4242, -0.4242, -0.4242, -0.4242, -0.4242,
          -0.4242, -0.4242, -0.4242, -0.4242, -0.4242,  0.0213,  2.6433,
           2.4396,  1.6123,  0.9504, -0.4115, -0.4242, -0.4242, -0.4242,
          -0.4242, -0.4242, -0.4242, -0.4242, -0.4242, -0.4242, -0.4242],
         [-0.4242, -0.4242, -0.4242, -0.4242, -0.4242, -0.4242, -0.4242,
          -0.4242, -0.4242, -0.4242, -0.4242, -0.4242, -0.4242,  0.6068,
           2.6306,  2.7960,  2.7960,  1.0904, -0.1060, -0.4242, -0.4242,
          -0.4242, -0.4242, -0.4242, -0.4242, -0.4242, -0.4242, -0.4242],
         [-0.4242, -0.4242, -0.4242, -0.4242, -0.4242, -0.4242, -0.4242,
          -0.4242, -0.4242, -0.4242, -0.4242, -0.4242, -0.4242, -0.4242,
           0.1486,  1.9432,  2.7960,  2.7960,  1.4850, -0.0806, -0.4242,
          -0.4242, -0.4242, -0.4242, -0.4242, -0.4242, -0.4242, -0.4242],
         [-0.4242, -0.4242, -0.4242, -0.4242, -0.4242, -0.4242, -0.4242,
          -0.4242, -0.4242, -0.4242, -0.4242, -0.4242, -0.4242, -0.4242,
          -0.4242, -0.2206,  0.7595,  2.7833,  2.7960,  1.9560, -0.4242,
          -0.4242, -0.4242, -0.4242, -0.4242, -0.4242, -0.4242, -0.4242],
         [-0.4242, -0.4242, -0.4242, -0.4242, -0.4242, -0.4242, -0.4242,
          -0.4242, -0.4242, -0.4242, -0.4242, -0.4242, -0.4242, -0.4242,
          -0.4242, -0.4242, -0.4242,  2.7451,  2.7960,  2.7451,  0.3904,
          -0.4242, -0.4242, -0.4242, -0.4242, -0.4242, -0.4242, -0.4242],
         [-0.4242, -0.4242, -0.4242, -0.4242, -0.4242, -0.4242, -0.4242,
          -0.4242, -0.4242, -0.4242, -0.4242, -0.4242, -0.4242, -0.4242,
           0.1613,  1.2305,  1.9051,  2.7960,  2.7960,  2.2105, -0.3988,
          -0.4242, -0.4242, -0.4242, -0.4242, -0.4242, -0.4242, -0.4242],
         [-0.4242, -0.4242, -0.4242, -0.4242, -0.4242, -0.4242, -0.4242,
          -0.4242, -0.4242, -0.4242, -0.4242, -0.4242,  0.0722,  1.4596,
           2.4906,  2.7960,  2.7960,  2.7960,  2.7578,  1.8923, -0.4242,
          -0.4242, -0.4242, -0.4242, -0.4242, -0.4242, -0.4242, -0.4242],
         [-0.4242, -0.4242, -0.4242, -0.4242, -0.4242, -0.4242, -0.4242,
          -0.4242, -0.4242, -0.4242, -0.1187,  1.0268,  2.3887,  2.7960,
           2.7960,  2.7960,  2.7960,  2.1342,  0.5686, -0.4242, -0.4242,
          -0.4242, -0.4242, -0.4242, -0.4242, -0.4242, -0.4242, -0.4242],
         [-0.4242, -0.4242, -0.4242, -0.4242, -0.4242, -0.4242, -0.4242,
          -0.4242, -0.1315,  0.4159,  2.2869,  2.7960,  2.7960,  2.7960,
           2.7960,  2.0960,  0.6068, -0.3988, -0.4242, -0.4242, -0.4242,
          -0.4242, -0.4242, -0.4242, -0.4242, -0.4242, -0.4242, -0.4242],
         [-0.4242, -0.4242, -0.4242, -0.4242, -0.4242, -0.4242, -0.1951,
           1.7523,  2.3633,  2.7960,  2.7960,  2.7960,  2.7960,  2.0578,
           0.5940, -0.3097, -0.4242, -0.4242, -0.4242, -0.4242, -0.4242,
          -0.4242, -0.4242, -0.4242, -0.4242, -0.4242, -0.4242, -0.4242],
         [-0.4242, -0.4242, -0.4242, -0.4242,  0.2758,  1.7650,  2.4524,
           2.7960,  2.7960,  2.7960,  2.7960,  2.6815,  1.2686, -0.2842,
          -0.4242, -0.4242, -0.4242, -0.4242, -0.4242, -0.4242, -0.4242,
          -0.4242, -0.4242, -0.4242, -0.4242, -0.4242, -0.4242, -0.4242],
         [-0.4242, -0.4242, -0.4242, -0.4242,  1.3068,  2.7960,  2.7960,
           2.7960,  2.2742,  1.2941,  1.2559, -0.2206, -0.4242, -0.4242,
          -0.4242, -0.4242, -0.4242, -0.4242, -0.4242, -0.4242, -0.4242,
          -0.4242, -0.4242, -0.4242, -0.4242, -0.4242, -0.4242, -0.4242],
         [-0.4242, -0.4242, -0.4242, -0.4242, -0.4242, -0.4242, -0.4242,
          -0.4242, -0.4242, -0.4242, -0.4242, -0.4242, -0.4242, -0.4242,
          -0.4242, -0.4242, -0.4242, -0.4242, -0.4242, -0.4242, -0.4242,
          -0.4242, -0.4242, -0.4242, -0.4242, -0.4242, -0.4242, -0.4242],
         [-0.4242, -0.4242, -0.4242, -0.4242, -0.4242, -0.4242, -0.4242,
          -0.4242, -0.4242, -0.4242, -0.4242, -0.4242, -0.4242, -0.4242,
          -0.4242, -0.4242, -0.4242, -0.4242, -0.4242, -0.4242, -0.4242,
          -0.4242, -0.4242, -0.4242, -0.4242, -0.4242, -0.4242, -0.4242],
         [-0.4242, -0.4242, -0.4242, -0.4242, -0.4242, -0.4242, -0.4242,
          -0.4242, -0.4242, -0.4242, -0.4242, -0.4242, -0.4242, -0.4242,
          -0.4242, -0.4242, -0.4242, -0.4242, -0.4242, -0.4242, -0.4242,
          -0.4242, -0.4242, -0.4242, -0.4242, -0.4242, -0.4242, -0.4242]]]), 5)